171
197
175
184
172
168
194
192
168
168
103
134
170
157
179
189
147
218
183
177
195
183
163
200
157
160
189
207
172
177
161
207
192
127
155
204
174
208
187
208
198
189
168
166
188
168
208
178
146
175
182
166
177
207
190
197
171
180
187
190
183
153
174
209
184
182
114
162
206
184
155
176
171
180
185
156
176
173
158
198
194
159
162
143
153
163
202
211
169
195
183
153
168
210
181
193
142
140
190
234
157
171
171
189
123
175
174
203
188
78
190
197
152
200
177
188
180
200
197
171
166
169
189
189
213
186
169
165
171
154
182
186
169
203
171
182
193
60
179
117
167
176
178
193
92
179
185
217
163
221
201
191
134
175
164
144
160
176
234
178
173
106
158
110
174
156
189
165
142
149
202
120
171
191
180
203
169
159
170
166
201
179
183
159
167
160
201
195
199
181
168
186
210
189
169
171
181
200
86
210
187
162
182
176
200
189
173
194
160
156
181
139
214
200
157
161
182
204
176
150
171
180
168
182
197
183
196
185
168
191
183
164
190
196
162
98
221
173
182
204
208
193
176
135
203
195
194
177
152
172
168
180
182
171
174
168
217
157
181
147
181
200
186
197
182
192
141
194
213
205
153
187
184
79
183
157
152
187
160
195
122
197
200
191
179
172
195
172
186
178
195
165
197
185
104
214
155
181
186
176
181
207
178
193
228
203
162
200
174
166
183
143
194
177
200
170
168
224
223
177
185
172
175
218
223
204
200
153
210
195
168
187
189
174
168
167
179
176
178
185
145
170
161
203
175
176
178
198
174
227
91
194
139
190
141
155
187
152
191
182
185
135
180
190
203
200
147
180
158
164
166
175
198
164
163
181
166
208
159
175
208
191
206
174
170
142
203
191
181
183
153
153
258
187
185
184
194
184
187
196
179
222
151
175
181
174
161
159
208
165
196
163
192
156
133
168
204
203
172
166
191
200
201
189
205
195
188
184
146
185
156
181
187
137
182
182
170
212
207
198
207
163
201
172
198
215
214
180
211
174
146
175
202
190
176
184
189
203
207
167
194
193
165
198
170
169
183
203
161
160
161
121
200
198
197
184
226
215
205
206
184
181
205
185
169
208
141
211
158
187
155
171
173
189
177
221
157
150
169
184
195
182
149
172
177
201
212
171
188
184
204
121
145
177
166
178
166
182
164
154
166
194
150
212
235
191
171
138
178
162
173
182
165
175
182
178
176
156
188
219
172
186
167
155
246
163
170
174
172
163
194
155
236
161
171
197
196
162
183
193
226
185
154
198
175
174
169
176
199
152
197
159
174
182
183
210
164
138
181
186
193
113
166
159
181
181
183
190
183
151
62
213
185
195
124
174
193
157
131
181
194
172
169
198
179
193
163
192
188
191
259
189
190
209
174
206
200
173
198
148
191
207
183
117
167
150
176
174
182
186
167
174
131
179
199
167
157
141
159
187
186
183
169
168
181
213
199
133
174
184
172
178
155
175
168
179
178
153
178
185
189
177
163
223
178
168
171
192
170
181
198
79
181
204
218
195
181
192
183
163
177
152
201
168
168
215
165
189
171
188
218
195
159
181
227
174
183
198
184
165
198
192
173
183
186
186
172
231
203
188
173
175
172
183
172
151
172
194
160
171
147
225
177
181
177
166
181
175
171
205
175
192
169
215
196
210
172
191
168
225
152
176
180
178
160
163
188
178
165
161
111
175
152
179
202
170
188
132
188
186
187
194
173
214
179
106
169
210
205
150
203
164
154
206
150
170
180
175
193
179
188
174
209
189
197
112
184
202
181
196
177
165
246
184
178
189
179
181
175
151
197
231
177
178
209
168
109
175
193
215
224
174
178
240
163
188
187
175
171
84
191
217
196
189
165
174
189
185
192
164
176
174
182
199
213
199
179
186
141
185
174
189
194
189
187
158
155
92
116
182
168
147
204
190
175
189
225
159
201
170
187
193
192
170
179
162
190
169
161
180
182
165
192
167
176
181
196
210
170
201
190
176
181
154
190
205
165
134
164
185
172
174
182
206
168
191
167
166
209
179
135
163
182
183
198
197
203
217
160
124
203
166
177
196
181
184
160
193
145
178
129
172
202
144
197
192
136
198
167
180
198
167
156
194
200
160
115
155
154
145
189
153
179
173
165
182
205
114
161
162
172
213
190
183
186
136
170
176
194
204
196
204
182
162
171
193
151
197
157
193
141
152
212
181
174
189
202
168
136
191
166
207
116
177
213
123
162
186
201
192
174
173
142
164
224
164
150
178
213
182
